65.5912930965
2.65093768339
63.9650070667
2.43180846623
64.4220478535
2.46787115842
64.9529500008
2.46409703435
67.2580571175
2.66535040013
66.0204489231
2.51387083153
64.1259198189
2.49106027668
63.348541975
2.54502711024
65.9524819851
2.51175847439
61.8974699974
2.53503735099
63.9704627991
2.47107593042
65.8106780052
2.51305350488
64.0945019722
2.51142936033
65.3213210106
2.51826831645
65.2785179615
2.53799693202
65.1286640167
2.52305200458
64.4862430096
2.53799693202
64.7287819386
2.52352854921
64.4406368732
2.42930206899
65.2554469109
2.64837734441
65.6812739372
2.51702558136
66.1157269478
2.50663210719
67.0413320065
2.55014247106
64.5438058376
2.40420275789
