0.0413439273834
2.05584728693
0.040018081665
1.89595014426
0.0203349590302
2.36411451311
0.0199580192566
2.44250065396
0.034698009491
2.32563950455
0.0197751522064
2.27405518139
0.0290291309357
1.88499841853
0.0324399471283
2.43814051069
0.0323100090027
2.34074652007
0.0205430984497
2.25347413257
0.0387089252472
2.20046859315
0.0412812232971
2.01920521557
0.0208449363708
2.17736405162
0.0422089099884
2.24518141935
0.0236949920654
1.98283690809
0.0343720912933
2.30024127624
0.0216701030731
1.94607831728
0.0209469795227
2.08928463622
0.0260000228882
2.08943555304
0.0289099216461
2.461163165
0.0361330509186
1.81057739369
0.0224480628967
1.85813268296
0.0322048664093
2.52817682911
0.0294809341431
2.58498549503
0.0210018157959
2.13733149366
0.0234930515289
2.06207381581
0.0212390422821
2.01513088467
0.0364451408386
1.9581227268
0.0360481739044
1.95145374873
0.0205121040344
2.25211432739
0.020311832428
2.26301596649
0.0397660732269
2.37339524126
0.0344319343567
2.22821868751
0.0260741710663
2.42839911114
0.0385870933533
2.06919749231
0.021703004837
1.70225272506
0.0331220626831
2.1640948363
0.0363070964813
2.39269508937
0.0383460521698
1.89747815223
0.0331580638885
2.35791966224
0.0351459980011
2.10192230084
0.0232119560242
1.55220673423
0.0645270347595
2.14240807799
0.0372869968414
2.11356992098
0.041668176651
2.0267150736
0.0215048789978
2.06657456156
0.0600218772888
2.14785548175
0.0380859375
1.99764326613
0.0277450084686
2.48272915451
0.0272560119629
2.29958288192
0.0357778072357
2.05931750193
0.0344560146332
2.32390522644
0.0339469909668
2.37874789422
0.0218989849091
1.60008453443
0.0238690376282
2.38212564737
0.0408821105957
2.35984609667
0.021586894989
2.18251617099
0.0188798904419
2.56690872125
0.0201580524445
2.42475598798
0.0346779823303
2.29960800754
0.0538289546967
2.29182245822
0.0348088741302
2.18052477546
0.0209448337555
2.24404509053
0.0212941169739
1.74822305773
0.0465500354767
2.19814611294
0.0366477966309
1.80616533956
0.0454778671265
1.94290277432
0.0305547714233
2.11179783899
0.0368299484253
2.28710894882
0.0418879985809
1.86408487703
0.0357890129089
2.35088469974
0.0467100143433
2.36647582348
0.0363199710846
1.76016773294
0.0389850139618
2.37140445808
0.0220642089844
1.8168925809
0.0293660163879
1.83448985167
0.0361709594727
2.28043586067
0.0351009368896
2.26640581715
0.0217020511627
1.63894900012
0.0477349758148
2.14256236218
0.021516084671
2.19799916177
0.0454769134521
1.98757278445
0.0197470188141
2.34132477817
0.0276417732239
2.33076495166
0.0316610336304
2.46144989785
0.0356171131134
2.07253885577
0.0580508708954
2.27518353217
0.0541219711304
2.45737893968
0.0330710411072
1.98611724555
0.019994020462
2.41673312319
0.0444159507751
2.3604641293
0.0344159603119
2.34712711066
0.0208630561829
2.04985461067
0.0272040367126
2.19119152975
0.0289280414581
2.35401860264
0.0250279903412
2.31156049735
0.0326020717621
2.35972556507
0.0353660583496
2.11323793111
0.0209031105042
2.22108898245
0.0292410850525
2.07951219479
