0.047070980072
3.09082775778
0.0548279285431
2.52483125975
0.0280380249023
2.07146520184
0.0277090072632
2.54307254881
0.0751099586487
2.95959285485
0.0242190361023
2.22065598626
0.0220830440521
2.68754170384
0.0349810123444
2.81493046688
0.025071144104
2.53529649658
0.0378630161285
2.16043628675
0.0415029525757
2.29622833973
0.0233180522919
2.61289265892
0.0360090732574
3.01515568161
0.037467956543
2.56027880677
0.0368800163269
2.60933903336
0.021735906601
2.60592827298
0.0227479934692
2.2305671528
0.0204350948334
2.87828459652
0.0228569507599
2.63112489574
0.0223550796509
2.45754137613
0.0378720760345
2.21692357544
0.021143913269
2.95938636434
0.0221738815308
2.3965923482
0.0227079391479
2.34823332908
0.0491940975189
2.36946353311
0.0437180995941
2.06586145301
0.0389840602875
2.09029186065
0.0462560653687
2.33652998261
0.0224611759186
2.26094948022
0.0387198925018
2.76888079476
0.0350098609924
2.58208304159
0.0417470932007
3.03959763552
0.0388851165771
2.12485367707
0.0229799747467
2.37362534373
0.0403139591217
2.24704087738
0.0373530387878
2.47369186502
0.0394339561462
2.15168739394
0.0386638641357
2.25361988404
0.0442111492157
2.24869904
0.0600528717041
2.71256754302
0.0364120006561
2.76592557148
0.0367269515991
2.58548259955
0.0227749347687
2.30115409337
0.0219509601593
2.4614145726
0.0220470428467
2.69343589792
0.0328750610352
2.94541754814
0.0379281044006
2.25760855762
0.036563873291
2.08263993203
0.0341188907623
2.45122171084
0.0415210723877
2.51276544463
0.0392441749573
2.15891758228
0.04021692276
2.65992410358
0.0224149227142
2.60423610759
0.0406100749969
2.48494002089
0.0229649543762
2.38746885576
0.040107011795
2.56769387187
0.0223829746246
2.4791768011
0.0498239994049
3.03830012271
0.0358278751373
2.67151720503
0.0224719047546
2.74945949248
0.0215411186218
2.76349467684
0.0308208465576
2.64024533838
0.0596418380737
2.53723527726
0.0385220050812
2.06152474713
0.0215659141541
2.51368031082
0.0211281776428
2.44058989515
0.0353899002075
2.50342959649
0.0260319709778
2.74645353213
0.0221648216248
2.60568446007
0.0318870544434
2.95926848637
0.0478880405426
2.53355084588
0.0224862098694
2.81492258848
0.0218279361725
2.65324574042
0.0347409248352
2.96407956865
0.0222520828247
2.52710271381
0.025682926178
2.31900033249
0.0218670368195
2.56978633246
0.026948928833
2.73252948003
0.0212061405182
2.46281309691
0.0542290210724
2.65710497216
0.0530869960785
2.55332300229
0.0556418895721
1.98409262266
0.0219829082489
2.55513203766
0.0360250473022
2.4587721572
0.0323059558868
2.52633894063
0.0224051475525
2.62168577186
0.0227990150452
2.1627275574
0.0218360424042
2.41558174138
0.0236749649048
2.15869760629
0.0643079280853
2.80046486551
0.0405919551849
2.32842273304
0.0326569080353
2.65369934594
0.0227890014648
2.42632375826
0.0390341281891
2.21193526802
0.0341558456421
2.59693860746
0.0346229076385
2.47917941162
0.0225079059601
2.55708337153
0.0246720314026
2.45520569543
0.0513968467712
2.66354867134
0.0425288677216
2.74090248552
